14	12	10	13	0	3	9	
1	14	12	13	11	10	5	
13	3	14	8	5	11	10	
13	8	11	14	7	14	12	
13	9	12	10	14	0	6	
14	7	13	2	8	14	12	
11	8	9	7	2	14	14	

sum of elements - 126, 69, 71, 100, 85, 100, 117

4	3	5	1	4	0	6
8	4	0	1	0	7	2
0	4	4	2	1	5	3
0	0	4	4	7	6	5
5	8	1	4	3	2	4
6	1	20	0	4	7	3
5	3	4	0	1	4	8

results -> 42, 48, 41, 37, 35, 46, 63, 42

18	3	9	1	17	18	14
10	18	18	1	17	7	15
18	15	18	2	17	14	10
14	0	17	18	18	16	5
5	9	17	18	18	10	23
15	1	10	9	18	18	10
5	16	4	0	23	18	17

results -> 119, 171, 194, 56, 46, 37, 184, 180

13	24	1	12	13	21	20
21	13	2	12	24	20	13
0	20	13	13	11	16	24
9	17	21	13	13	11	23
11	22	0	13	12	20	12
19	22	4	0	23	12	17
24	0	20	12	21	18	12

results -> 247, 169, 134, 187, 198, 235, 223, 213
